     1     1    230    188     46
     1     1    230    187     46
     1     1    229    186     46
     1     1    226    184     46
     1     1    225    183     46
     1     1    223    183     46
     1     1    221    183     46
     1     1    219    182     46
     1     1    217    182     46
     1     1    215    181     46
     1     1    213    180     46
     1     1    212    179     46
     1     1    210    178     46
     1     1    208    177     46
     1     1    206    176     46
     1     1    204    175     46
     1     1    202    175     46
     1     1    200    175     46
     1     1    198    175     46
     1     1    196    175     46
     1     1    192    175     46
     1     1    192    175     46
     1     1    193    175     46
     1     1    191    174     46
     1     1    189    174     46
     1     1    187    174     46
     1     1    185    174     46
     1     1    183    174     46
     1     1    181    175     46
     1     1    180    176     46
     1     1    178    177     46
     1     1    176    178     46
     1     1    175    179     46
     1     1    172    179     46
     1     1    170    179     46
     1     1    169    179     46
     1     1    165    179     46
     1     1    163    180     46
     1     1    162    181     46
     1     1    160    182     46
     1     1    158    184     46
     1     1    157    186     46
     1     1    156    188     46
     1     1    156    190     46
     1     1    156    191     46
     1     1    156    193     46
     1     1    156    195     46
     1     1    156    198     46
     1     1    155    201     46
     1     1    155    203     46
     1     1    154    205     46
     1     1    153    207     46
     1     1    152    209     46
     1     1    152    212     46
     1     1    152    215     46
     1     1    152    217     46
     1     1    152    219     46
     1     1    153    221     46
     1     1    154    223     46
     1     1    155    224     46
     1     1    157    226     46
     1     1    159    227     46
     1     1    161    228     46
     1     1    163    228     46
     1     1    165    229     46
     1     1    168    230     46
     1     1    170    230     46
     1     1    173    231     46
     1     1    174    232     46
     1     1    177    232     46
     1     1    179    232     46
     1     1    181    232     46
     1     1    184    232     46
     1     1    187    233     46
     1     1    189    233     46
     1     1    191    234     46
     1     1    193    235     46
     1     1    196    235     46
     1     1    198    236     46
     1     1    201    237     46
     1     1    203    237     46
     1     1    205    237     46
     1     1    207    237     46
     1     1    209    237     46
     1     1    211    237     46
     1     1    213    237     46
     1     1    215    237     46
     1     1    218    237     46
     1     1    220    237     46
     1     1    222    237     46
     1     1    223    236     46
     1     1    225    235     46
     1     1    227    233     46
     1     1    228    231     46
     1     1    229    229     46
     1     1    230    228     46
     1     1    231    226     46
     1     1    231    225     46
     1     1    231    223     46
     1     1    232    219     46
     1     1    233    216     46
     1     1    233    215     46
     1     1    233    212     46
     1     1    233    210     46
     1     1    233    208     46
     1     1    233    206     46
     1     1    233    204     46
     1     1    233    201     46
     1     1    233    198     46
     1     1    233    196     46
     1     1    233    194     46
     1     1    233    192     46
     1     1    232    191     46
     2     1    231    440     46
     2     1    224    438     46
     2     1    219    436     46
     2     1    215    434     46
     2     1    211    432     46
     2     1    207    429     46
     2     1    202    428     46
     2     1    197    427     46
     2     1    192    428     46
     2     1    187    429     46
     2     1    183    431     46
     2     1    179    434     46
     2     1    176    438     46
     2     1    174    443     46
     2     1    173    447     46
     2     1    173    452     46
     2     1    174    457     46
     2     1    176    461     46
     2     1    178    464     46
     2     1    181    468     46
     2     1    184    471     46
     2     1    188    473     46
     2     1    193    474     46
     2     1    197    475     46
     2     1    203    479     46
     2     1    205    480     46
     2     1    208    481     46
     2     1    213    482     46
     2     1    217    483     46
     2     1    221    484     46
     2     1    223    485     46
     2     1    230    487     46
     2     1    234    488     46
     2     1    239    488     46
     2     1    242    488     46
     2     1    245    487     46
     2     1    249    485     46
     2     1    252    483     46
     2     1    255    480     46
     2     1    258    476     46
     2     1    260    472     46
     2     1    261    467     46
     2     1    261    462     46
     2     1    260    458     46
     2     1    258    454     46
     2     1    256    451     46
     2     1    252    446     46
     2     1    248    444     46
     2     1    244    442     46
     2     1    241    441     46
     2     1    237    440     46
